1.114265689783299901e-01 -1.482974636913264144e+00 -1.508312924831621271e-01 6.865916719390482426e-01 1.191890222702813307e-01 -7.620696078346405056e-01 -3.890599509879427709e-01 -5.549354155874471894e-01 -6.892605299078295999e-01 2.010822807440753923e+00 -1.664478318763778830e+00 1.905433457021689314e+00 -8.345384989202966342e-01 4.208004021846892262e-02 1.130698639372583969e+00 -2.163536371218267862e-01 1.651012747107984291e+00 -1.541666573080947011e-01 -3.603534198304806369e-01 -2.075185154202546123e+00
6.602532062206790953e-02 9.025666757013545149e-01 -9.979842845787502137e-01 4.085855457359717779e-01 -3.407382432096752178e-01 2.045997352231625488e-01 1.698227335262894711e+00 5.202292274923487891e-01 -2.318621698328170999e-01 -2.835851522437943806e-01 1.708407382762808790e-01 -9.338055804107903146e-02 6.303095755178654835e-01 -4.450006145536208879e-01 -7.326937941137083854e-01 8.495487261143240820e-01 1.118674154953121613e+00 7.146776865036338355e-01 -2.571539627918603799e+00 1.323697730924973337e+00
3.274055600200739269e-01 3.092012815766778111e-01 9.733515724391414992e-01 -1.466266163414456702e+00 2.071289919558134240e+00 -9.160265844826112058e-01 2.699114372038691201e+00 -1.866845128313320501e+00 1.065333938015995546e-01 1.490777777654819780e-01 2.912033576504484134e-01 -3.314563903364080022e-01 -2.238603209994575738e-01 -8.469284508225928265e-01 -2.819638838254846291e+00 8.571005524793808839e-01 -6.712571507632428824e-01 -2.228177276918317240e+00 -3.978338435539474638e-01 -6.231242361870099611e-01
1.702690342150786629e+00 5.079497560176120530e-01 1.273846921469205763e-03 -1.327313388107391745e+00 4.573459007513296926e-01 -2.080404561309889377e+00 -5.137018543308002894e-01 9.673022768542031136e-01 7.431956756294278987e-01 -1.715155990796463525e+00 -9.190235613283337379e-01 -1.120711144105676738e+00 1.172381131764268725e+00 5.074583288388084812e-01 2.585887661095896295e+00 4.507149830716759564e-01 9.255342312963817930e-01 5.873369272260756668e-01 1.501832208749597664e+00 3.095422585958211847e-01
1.022394923250539378e+00 1.006267305150309044e+00 -6.464374762541106323e-01 -8.899430451876313430e-01 -8.115683394298200959e-02 -6.128523607722037303e-01 5.387363168515894030e-01 -1.042438933368025733e+00 1.703009384883037436e+00 3.180644089857208034e-01 4.081141262089240107e-01 1.475132962315467200e+00 9.205008878252739501e-01 -1.792941343548578370e+00 1.304374062457084538e+00 2.380730604319341914e+00 7.449629372447911235e-01 -2.153312024918994372e-01 1.387414765386636661e+00 -4.575955382628957985e-02
1.477468388183038828e+00 4.769261576485656073e-01 -6.208665792577253706e-01 2.907543156383622929e-01 1.200644998188595824e+00 6.695368014892518760e-01 1.456421571884165989e+00 1.970069397768200226e+00 -3.422346185659536633e-01 -4.019231607185493327e-01 -1.159294349377896882e+00 -1.818693373867254381e+00 -3.398475854800555584e-01 1.995889214652465826e+00 2.314793299575410301e-01 2.865446768333151581e-02 -5.917202281322073709e-01 2.871160577377351308e-01 1.811615213294672566e+00 -3.663072287976033015e-01
5.373052291975125572e-01 -1.088021663961186158e+00 -5.532513880306272336e-01 -7.660712120771058231e-01 -6.107345197206089926e-01 -1.452836701882216586e+00 -1.463802886213655619e+00 -5.841855458932139200e-01 -1.929365602026736903e+00 -1.476513484920062014e-01 7.275043162514119865e-01 2.595189435869418748e+00 2.132599070506287775e-01 4.096535381032135326e-01 7.461332133390286003e-01 8.272091500009625120e-01 4.380676486799282565e-01 -2.196279332727355982e+00 -2.003151242150269962e+00 -1.125868694117153623e+00
5.240123185348739554e-01 -4.129859716198208686e-01 1.495951047966733283e+00 1.771788541281307250e+00 9.292372304229343793e-01 -2.640238634310684840e-01 -8.558071341848785818e-02 -8.459836917746317297e-01 2.111916515945002348e-01 -6.818820022887347454e-01 9.014605584368593494e-01 -6.869442409152406448e-01 5.772935796209237580e-01 -3.121640758771483670e-02 -1.530387802215789073e+00 -3.093574008938678732e-01 1.305741703606053405e-01 6.527332742004043897e-01 -3.735532831547835886e-01 -2.757312317122011525e-01
1.236948798817559814e+00 1.828539017448411963e+00 -3.784107563621208481e-01 5.668560558286571682e-01 -2.656180559385644457e+00 -4.870728908904841115e-01 1.288597327141229210e+00 1.520760039756397841e+00 -4.436362939677750417e-01 -1.069564041040162783e+00 -4.437280236300749081e-01 8.447108864892228786e-01 -1.439475480507917737e+00 3.627236639774346627e-01 -3.428483773199670903e-01 3.608525877968547513e-01 -3.808923203833543547e-01 5.547355789098391554e-01 -1.198411489747222003e+00 1.162768630355489385e+00
-6.792257612509680076e-01 -1.994474062092526159e-02 3.606863064747694581e-01 -1.255641778177031820e-01 -3.764227468510327745e-01 4.073804987822530199e-01 -1.323417202896377820e-01 1.964968778233031843e+00 7.096383571444826455e-01 -1.430900906325152988e+00 -9.495833001415269203e-01 -5.257487748233447000e-01 8.684701581426359507e-01 1.490657364136117158e+00 1.586834007088010035e+00 -3.792048921038008724e-01 1.256890421609867747e+00 1.578800483692713030e-01 4.471877169764612581e-01 -3.690119603499208978e-01
